0
2.006285301
3.773895645
5.283875333
6.15254639
6.589428379
7.901463285
9.198610603
10.12490221
10.98887716
11.85129166
12.95602562
14.86461329
16.02892474
16.7602574
17.5588073
18.73853743
19.38992023
20.42246888
21.48513787
22.74375831
23.41174307
23.72064244
24.46709173
25.10629743
25.44512918
25.54590236
25.76289204
25.46195241
25.12334755
24.67621597
24.09675762
23.70258333
23.06160676
22.59263532
21.26477166
20.02012058
19.05577826
18.06368079
17.1891068
16.47681985
15.59563033
14.06532437
12.75617777
11.88736874
10.98887716
10.51086886
9.20791623
8.32887361
7.22784249
5.779311003
4.43820829
4.033857598
3.06930541
1.850860802
0