0
3.063719772
3.188372993
4.700603453
4.861813591
5.852935767
6.556855622
6.838172997
7.874319738
9.346388906
10.4044062
11.38693129
12.27722164
12.89639644
13.59784491
15.24012766
16.02892474
16.75003461
17.81784002
18.82972307
19.41199186
19.89137249
20.89916094
21.89968035
22.47862634
23.04303116
23.59393837
23.954172
24.48458697
24.3794272
24.48458697
24.43206366
24.22083148
24.13227239
23.48479081
22.74375831
22.19104145
21.89968035
20.67254924
20.14804597
19.07823646
17.84905518
16.98864388
16.47681985
14.95078568
13.78860243
12.6550704
12.1721365
11.29631766
10.71263139
9.527889131
8.582088484
8.067715195
7.345376091
6.673373526
5.552582407
5.068791061
4.808677421
3.462643496
2.926467883
0