0
3.06930541
4.240854864
5.316192914
6.478012808
7.74270624
9.0199798
10.05274731
11.59560969
12.51899042
14.03484693
14.92211684
16.65774722
18.01620717
19.41199186
20.25403327
22.03612827
23.41174307
23.93628908
25.17442862
25.86242709
26.35446409
26.86937408
27.23345289
27.45270216
27.59272819
27.6547344
27.01242411
26.74157609
25.74626545
24.9007854
24.46709173
23.5757822
21.91922491
20.42246888
19.89137249
17.77693749
17.11420837
15.67778523
14.95078568
12.41595171
11.7423954
10.94984017
9.300460427
7.04786796
5.552582407
4.896917394
2.266832275
0