0
2.926467883
4.240854864
5.552582407
7.22784249
8.431072201
9.705995931
12.06613619
13.78860243
15.20637318
17.31321748
18.50860802
20.16928799
21.50505919
23.954172
25.00375256
26.09319901
27.13894669
28.37315882
28.97055399
29.55587684
29.77240631
29.33774931
28.82236605
27.99331359
26.98070075
24.78011629
24.32667684
22.59263532
21.06243811
19.21243439
17.82504837
15.75951186
14.18657941
13.12024035
11.25834674
9.705995931
8.067715195
6.068452964
5.474920087
4.033857598
2.448458697
0